0,60,54,42,0,0,0,0,0,0
60,0,0,71,0,29,0,0,0,0
54,0,0,56,67,0,0,0,0,0
42,71,56,0,26,52,87,0,0,0
0,0,67,26,0,0,70,0,73,0
0,29,0,52,0,0,20,25,0,0
0,0,0,87,70,20,0,36,59,32
0,0,0,0,0,25,36,0,0,25
0,0,0,0,73,0,59,0,0,26
0,0,0,0,0,0,32,25,26,0